Município,1ª Dose,2ª Dose,3ª Dose,Dose Única,Doses Distribuídas
Adamantina,29629,27296,4283,878,59983
Adolfo,3773,3644,660,77,6912
Aguaí,27568,25122,2923,1043,60617
Agudos,32451,27949,3288,873,67284
Alambari,4689,4234,408,171,9337
Alfredo Marcondes,3892,3785,711,83,7203
Altair,2901,2754,393,115,6817
Altinópolis,13764,13153,2125,384,29531
Alto Alegre,3377,3196,570,100,7398
Alumínio,14048,12919,1179,508,29349
Alvinlândia,2505,2396,251,68,5326
Americana,192315,166541,19295,6210,396279
Amparo,60444,53955,7398,1757,122763
Américo Brasiliense,28418,24921,3520,1087,67474
Américo De Campos,4863,4728,718,125,10281
Analândia,3735,3296,392,120,7501
Andradina,47607,42554,5352,1294,97029
Angatuba,19373,16727,1490,477,37198
Anhembi,5191,4601,529,148,10852
Anhumas,3273,3175,347,83,7037
Aparecida,27931,24302,2524,926,57529
Aparecida D'Oeste,3768,3682,674,78,7560
Apiaí,19730,17700,1653,515,40037
Aramina,4440,4217,505,134,10117
Arandu,5336,4946,590,150,10604
Arapeí,2070,1982,315,59,4374
Araraquara,199343,176562,22840,6067,399455
Araras,108618,99840,9615,3812,207021
Araçariguama,17632,14730,1027,587,34485
Araçatuba,163169,141628,19877,4809,335867
Araçoiaba Da Serra,26635,23486,2600,816,53690
Arco-Íris,1699,1660,355,30,3357
Arealva,6995,6577,975,194,14468
Areias,3126,2880,359,71,6258
Areiópolis,7873,6991,614,311,17614
Ariranha,6690,6483,1074,258,15400
Artur Nogueira,42455,37563,3331,1510,86995
Arujá,69875,62029,5066,2310,151384
Aspásia,1624,1557,315,15,3139
Assis,82847,73741,10546,2146,171078
Atibaia,125081,107771,12440,3532,249431
Auriflama,11189,10520,1549,351,25348
Avanhandava,9742,8935,801,225,20376
Avaré,76641,67247,8972,2118,154619
Avaí,4275,4049,535,40,8723
Bady Bassitt,16907,15429,1490,400,35286
Balbinos,4562,4407,333,52,11574
Bananal,8602,7326,967,262,18661
Barbosa,5274,4646,626,115,10942
Bariri,25735,22746,3196,829,54026
Barra Bonita,29288,28498,4083,980,60408
Barra Do Chapéu,4414,4124,371,115,9345
Barra Do Turvo,6288,5109,683,96,13786
Barretos,103564,93602,13564,2712,213966
Barrinha,24600,20979,1475,879,52303
Barueri,228816,199159,15702,6252,462093
Barão De Antonina,2991,2808,429,45,5862
Bastos,18431,17003,2163,477,34924
Batatais,49944,46229,6653,1414,109070
Bauru,309907,270299,36433,8516,631101
Bebedouro,63675,57898,8067,1639,138090
Bento De Abreu,2097,2028,317,72,4582
Bernardino De Campos,10384,9802,1441,204,19770
Bertioga,54878,44330,5042,1817,103949
Bilac,6250,5982,1004,198,13425
Birigui,95636,84135,9768,3517,201836
Biritiba Mirim,24228,21167,1935,858,54164
Boa Esperança Do Sul,10933,10029,1132,417,24601
Bocaina,9196,8945,1100,313,19320
Bofete,8881,7820,790,292,18524
Boituva,48102,42058,3754,1755,99056
Bom Jesus Dos Perdões,19799,17404,1161,710,42950
Bom Sucesso De Itararé,3046,2833,236,77,6162
Boracéia,3935,3520,502,103,8028
Borborema,12433,11958,1590,401,27706
Borebi,2136,1993,131,50,4712
Borá,836,773,115,10,1779
Botucatu,138039,128753,24550,0,200393
Bragança Paulista,149719,132688,17963,4657,284619
Braúna,4449,4071,586,139,10207
Brejo Alegre,2166,1998,316,72,4953
Brodowski,20286,17969,2175,654,42415
Brotas,19870,18176,1849,609,39643
Buri,16309,13723,1092,472,31883
Buritama,14075,13098,2105,442,27929
Buritizal,3552,3078,406,97,7530
Bálsamo,7498,7356,1081,200,15436
Cabreúva,41816,37518,2032,1438,80065
Cabrália Paulista,3578,3365,411,102,8380
Cachoeira Paulista,24822,21287,2624,855,61418
Caconde,15380,13688,1640,402,32513
Cafelândia,13621,12053,1478,414,28158
Caiabu,3136,2912,301,58,6784
Caieiras,75897,67749,6846,2829,166411
Caiuá,6444,5827,483,62,10648
Cajamar,73012,66432,4237,2333,138925
Cajati,23796,21054,1949,704,51055
Cajobi,7871,7462,1007,272,18020
Cajuru,19927,17355,2498,572,42672
Campina Do Monte Alegre,5217,4878,447,128,10502
Campinas,957871,845612,107264,31733,2044924
Campo Limpo Paulista,63547,54600,4887,2256,137191
Campos Do Jordão,42252,39516,3871,1306,89254
Campos Novos Paulista,3936,3667,482,110,7902
Cananéia,10581,9502,990,251,22034
Canas,3691,3490,310,130,8655
Canitar,4180,3732,347,141,7965
Capela Do Alto,19558,16934,953,560,35042
Capivari,41887,37596,3666,1467,88359
Capão Bonito,37846,33750,3453,1042,75113
Caraguatatuba,102987,85784,8963,2876,208611
Carapicuíba,321975,265416,20657,10612,637853
Cardoso,10062,9344,1496,267,22609
Casa Branca,23762,19603,2008,769,52531
Castilho,16199,14590,2004,547,32178
Catanduva,97709,88369,13711,2860,210034
Catiguá,6129,5667,829,188,11572
Caçapava,75964,68016,7062,2410,161876
Cedral,8689,7691,1137,215,16041
Cerqueira César,18935,17595,1762,400,35406
Cerquilho,38182,35954,3688,1340,76708
Cesário Lange,15179,13352,1112,500,29772
Charqueada,13408,12025,1280,515,28086
Chavantes,9866,9094,1051,315,19403
Clementina,5878,5593,737,265,11915
Colina,14882,12940,1494,464,30281
Colômbia,5485,5136,601,160,11096
Conchal,23341,20628,1867,722,46127
Conchas,13809,11820,1462,378,28077
Cordeirópolis,20162,18176,2569,670,42695
Coroados,4485,4120,633,147,9430
Coronel Macedo,3893,3785,603,103,7823
Corumbataí,3273,3052,390,88,6758
Cosmorama,7150,6704,1039,175,14491
Cosmópolis,46639,40025,3294,2059,122204
Cotia,193806,164425,14576,6021,405603
Cravinhos,28986,24680,2334,961,59576
Cristais Paulista,7261,6393,728,215,16470
Cruzeiro,64206,55931,5905,2052,134836
Cruzália,1808,1778,268,32,3658
Cubatão,89731,75689,9621,3243,200918
Cunha,18184,16590,1767,480,38698
Cássia Dos Coqueiros,2333,2209,327,52,8068
Cândido Mota,24296,22555,2852,644,50224
Cândido Rodrigues,2498,2420,427,56,5120
Descalvado,27539,25768,4262,872,52522
Diadema,332795,284074,23639,10658,665253
Dirce Reis,1463,1454,272,18,3059
Divinolândia,10238,9633,1537,227,19514
Dobrada,6877,5872,439,296,14161
Dois Córregos,20437,18594,2194,682,42279
Dolcinópolis,2043,1980,347,54,4021
Dourado,7399,6987,940,215,14820
Dracena,38257,35192,4973,848,77293
Duartina,10635,10196,1650,292,19835
Dumont,8351,7350,689,288,15516
Echaporã,5329,4767,825,126,11284
Eldorado,11113,9208,956,174,23746
Elias Fausto,14264,13191,1335,540,30349
Elisiário,2647,2598,413,100,6389
Embaúba,1888,1818,278,60,4202
Embu Das Artes,205065,175637,23482,7201,413837
Embu-Guaçu,52269,46017,5085,1431,118333
Emilianópolis,2590,2526,443,70,5226
Engenheiro Coelho,16419,13942,974,632,31808
Espírito Santo Do Pinhal,35298,30953,5137,1006,76872
Espírito Santo Do Turvo,4066,3577,337,105,8190
Estiva Gerbi,8899,7242,617,320,18270
Estrela D'Oeste,7366,6862,1086,207,14488
Estrela Do Norte,2276,2201,284,48,4301
Euclides Da Cunha Paulista,6440,5625,688,202,16845
Fartura,13379,11967,1518,370,28418
Fernando Prestes,4969,4885,964,125,10482
Fernandópolis,59797,54986,9166,1481,118694
Fernão,1448,1407,241,30,2946
Ferraz De Vasconcelos,131714,109973,10189,5248,310435
Flora Rica,1319,1292,309,19,2516
Floreal,2502,2434,564,50,5492
Florínea,4002,3763,388,28,6503
Flórida Paulista,10225,9826,1407,279,21999
Franca,284027,242217,24514,8451,577468
Francisco Morato,136547,112194,7513,4482,274292
Franco Da Rocha,123355,103499,9234,7035,248321
Gabriel Monteiro,2326,2277,351,62,4767
Garça,35145,31528,4006,991,76500
Gastão Vidigal,2891,2770,486,151,7343
Gavião Peixoto,3947,3664,403,127,7860
General Salgado,8695,8026,1355,236,17276
Getulina,9012,8256,1003,255,18216
Glicério,3611,3335,437,125,7887
Guaimbê,4426,4163,576,130,10474
Guaiçara,9285,8252,863,317,18731
Guapiara,14488,12627,1248,394,29089
Guapiaçu,17666,15130,1651,555,36638
Guaraci,8452,7906,1077,317,18766
Guarani D'Oeste,1733,1678,297,30,3706
Guarantã,5096,4646,666,182,11141
Guararapes,25623,23959,3235,825,53737
Guararema,26522,23699,2195,848,51324
Guaratinguetá,96454,85500,9331,3083,198301
Guaraçaí,6489,6244,1029,194,13966
Guareí,13336,12113,1007,432,30012
Guariba,30859,28717,2132,1158,63831
Guarujá,249829,193526,28604,8360,503179
Guarulhos,1053527,893125,83329,37391,2186223
Guará,15736,14596,2125,507,33743
Guatapará,6146,5855,670,210,12965
Guaíra,32846,30465,3641,1028,66473
Guzolândia,3772,3581,505,115,7697
Gália,5535,5348,992,134,11098
Herculândia,7108,6146,711,226,14831
Holambra,13417,12021,1074,413,29322
Hortolândia,184475,160346,12152,6738,377580
Iacanga,9031,8782,1379,362,18608
Iacri,5259,4930,710,143,10971
Iaras,7429,7002,527,191,17628
Ibaté,27024,23909,2112,1020,59231
Ibirarema,5450,5206,848,159,12367
Ibirá,9916,8916,1289,341,22766
Ibitinga,48455,42433,5520,1663,99417
Ibiúna,64697,52292,3440,2088,135893
Icém,6402,6150,786,233,13949
Iepê,6469,6325,1014,184,13102
Igarapava,21957,19765,2141,771,45539
Igaratá,8965,8164,800,215,17287
Igaraçu Do Tietê,18967,17446,1660,694,39630
Iguape,24201,21212,2787,600,49807
Ilha Comprida,11018,9616,991,195,22084
Ilha Solteira,22018,20597,3174,502,43202
Ilhabela,32165,29813,2883,861,65652
Indaiatuba,212836,203327,21216,6873,414550
Indiana,3999,3680,482,112,8009
Indiaporã,3447,3247,602,82,7087
Inúbia Paulista,3066,3016,496,90,6476
Ipaussu,11163,10449,1452,367,23539
Iperó,26380,23194,1655,980,64779
Ipeúna,5367,4603,466,179,12433
Ipiguá,4774,4256,536,120,10901
Iporanga,3229,3051,394,31,6645
Ipuã,12227,11068,1327,444,25041
Iracemápolis,18111,16592,1393,696,40984
Irapuru,6826,6361,796,79,12710
Irapuã,5814,5199,661,209,12482
Itaberá,15083,14623,1838,363,28904
Itajobi,13721,12978,1875,360,26992
Itaju,2897,2629,351,97,5765
Itanhaém,92809,78919,10413,2132,178187
Itaoca,2891,2776,452,49,6064
Itapecerica Da Serra,128256,109448,8357,4149,325685
Itapetininga,130740,114994,14077,2950,248692
Itapeva,75945,70404,7356,2041,152706
Itapevi,190414,142274,8512,6643,382080
Itapira,61449,57151,7700,1840,125596
Itapirapuã Paulista,3539,3465,321,85,7261
Itaporanga,11957,11096,1345,315,25047
Itapura,3398,3151,474,75,7978
Itapuí,10903,9533,918,360,21585
Itaquaquecetuba,276504,216885,14240,9786,577926
Itararé,37059,35406,3784,1115,77014
Itariri,11726,10243,1158,402,26351
Itatiba,96789,85002,9684,3344,194608
Itatinga,15631,14581,1132,528,33851
Itaí,21802,20142,1830,689,42215
Itirapina,14508,13174,1054,406,33580
Itirapuã,4975,4523,555,164,11145
Itobi,6394,5198,569,204,15381
Itu,146479,129087,14372,5154,291466
Itupeva,52714,47116,2689,1902,104280
Ituverava,31563,29082,4657,1075,71530
Itápolis,33316,29854,3934,1041,64878
Jaborandi,5150,4936,607,163,10805
Jaboticabal,61126,55004,7103,1766,135124
Jacareí,181999,144864,14160,5638,381774
Jaci,6265,6129,821,187,13134
Jacupiranga,12990,10982,1244,379,29097
Jaguariúna,48614,43379,3746,1658,92986
Jales,41333,36918,5672,946,83625
Jambeiro,4750,4530,524,185,10628
Jandira,92555,74990,5194,3363,201892
Jardinópolis,36281,30358,2977,1174,72005
Jarinu,27859,22764,1762,873,55331
Jaú,111131,97926,12966,3649,239358
Jeriquara,2921,2643,269,71,5433
Joanópolis,11303,9918,1332,391,22456
José Bonifácio,29734,27509,3381,1013,61102
João Ramalho,3490,3285,376,119,7235
Jumirim,2872,2599,246,98,5502
Jundiaí,351747,318301,38959,11231,697487
Junqueirópolis,17153,16284,2077,409,36509
Juquitiba,25936,22192,2076,711,52853
Juquiá,14509,12206,1538,395,29720
Júlio Mesquita,3644,3435,452,118,7760
Lagoinha,4640,4480,727,88,9720
Laranjal Paulista,23777,20527,2438,636,46750
Lavrinhas,5054,4366,356,185,11884
Lavínia,10122,9847,581,117,20213
Leme,80949,71488,7807,2689,162266
Lençóis Paulista,55999,47743,4687,1865,116639
Limeira,242566,202185,20932,8502,458487
Lindóia,5921,5506,664,224,14746
Lins,61921,54267,8790,1743,127707
Lorena,69090,59268,6664,2039,144639
Lourdes,1873,1833,356,47,4011
Louveira,40493,36784,2674,1634,79425
Lucianópolis,2151,2040,302,44,4500
Lucélia,17105,16178,2068,583,37545
Luiziânia,4094,3790,446,121,9671
Lupércio,3454,3214,388,107,7347
Lutécia,2228,2089,356,55,4598
Luís Antônio,10284,9247,867,437,21017
Macatuba,13817,13034,1663,438,27748
Macaubal,6336,5895,835,206,13552
Macedônia,3253,3115,498,80,6448
Magda,2699,2587,431,65,5676
Mairinque,44476,36623,3333,1201,90930
Mairiporã,73462,63636,7233,2423,168719
Manduri,8169,7800,997,246,16898
Marabá Paulista,4348,3936,356,59,9179
Maracaí,10960,9952,1197,283,21628
Marapoama,2673,2553,368,73,5797
Marinópolis,1647,1607,288,40,3298
Mariápolis,2930,2873,438,109,6508
Martinópolis,21559,19562,2378,548,43309
Marília,195089,166185,21936,4458,366510
Matão,69169,62272,7071,2233,135981
Mauá,327125,283879,30468,12930,729742
Mendonça,5204,4894,721,119,10567
Meridiano,3542,3230,482,90,7580
Mesópolis,1791,1653,331,37,3440
Miguelópolis,16476,14801,1851,631,33350
Mineiros Do Tietê,9514,8711,1127,310,19245
Mira Estrela,2531,2443,479,53,5184
Miracatu,16200,13517,1361,403,35744
Mirandópolis,24649,22232,3236,526,50493
Mirante Do Paranapanema,13473,11882,1558,361,28866
Mirassol,49614,46050,4593,1692,102158
Mirassolândia,4221,3950,615,120,8404
Mococa,58140,51587,6494,1662,116886
Mogi Das Cruzes,345457,307854,37111,10180,719403
Mogi Guaçu,121826,110274,11681,3992,265294
Mogi Mirim,77547,69297,8700,2427,159615
Mombuca,3048,2667,352,70,6700
Mongaguá,47782,36616,4238,1184,99225
Monte Alegre Do Sul,6585,5911,734,189,14422
Monte Alto,40433,37437,4915,1160,82229
Monte Aprazível,18748,17298,2590,672,38030
Monte Azul Paulista,15498,14499,1993,338,32322
Monte Castelo,3386,3178,379,88,6875
Monte Mor,52220,42494,2792,1841,101714
Monteiro Lobato,3704,3159,372,89,8190
Monções,1759,1705,338,50,3914
Morro Agudo,22892,21237,2611,906,52390
Morungaba,11724,10568,995,353,23534
Motuca,3471,3375,432,123,8181
Murutinga Do Sul,3261,3141,648,91,6795
Nantes,2271,2124,279,59,4511
Narandiba,4287,4043,479,123,8128
Natividade Da Serra,5898,4850,507,148,14168
Nazaré Paulista,15304,13226,1295,458,33011
Neves Paulista,7960,7358,1420,228,16746
Nhandeara,8694,8126,1503,240,19786
Nipoã,4048,3590,375,155,7859
Nova Aliança,5814,5487,799,165,12927
Nova Campina,7214,7030,670,226,15337
Nova Canaã Paulista,1728,1665,323,25,3630
Nova Castilho,941,913,136,20,2059
Nova Europa,7736,7225,892,299,18616
Nova Granada,16306,15480,1948,557,37939
Nova Guataporanga,1910,1865,262,35,4043
Nova Independência,4566,4186,386,88,7792
Nova Luzitânia,2491,2312,350,126,6097
Nova Odessa,46527,40126,3524,1776,96748
Novais,3664,3133,476,142,8158
Novo Horizonte,32427,29988,3873,1043,69375
Nuporanga,6181,5609,735,171,14303
Ocauçu,3565,3518,565,102,6677
Olímpia,46358,41606,4462,1383,92384
Onda Verde,3889,3673,423,103,7960
Oriente,5190,4776,679,167,10618
Orindiúva,5038,4952,588,195,11237
Orlândia,31820,28976,3133,1137,76722
Osasco,604731,484398,46695,18660,1108632
Oscar Bressane,2168,2053,455,46,4527
Osvaldo Cruz,26596,25216,3918,720,57436
Ourinhos,87809,75000,9881,2121,168250
Ouro Verde,6276,5679,825,168,14139
Ouroeste,8578,7902,1026,260,16302
Pacaembu,13731,12818,1458,291,27710
Palestina,9503,8709,1126,347,20543
Palmares Paulista,7723,7162,719,452,19524
Palmeira D'Oeste,7791,7633,1551,193,15935
Palmital,17726,16371,2732,474,37378
Panorama,11733,10598,1159,274,26201
Paraguaçu Paulista,35000,32644,4053,1047,76654
Paraibuna,14533,13149,1254,421,30497
Paranapanema,16028,14530,1383,520,30687
Paranapuã,3528,3373,522,91,7192
Parapuã,8672,7725,1229,235,17107
Paraíso,4886,4598,697,164,10329
Pardinho,5827,4957,510,154,10924
Pariquera-Açu,16336,14640,2611,379,32632
Parisi,2181,2057,376,45,4591
Patrocínio Paulista,11943,10990,1237,326,26161
Paulicéia,6036,5665,615,205,12142
Paulistânia,1693,1594,251,38,3226
Paulo De Faria,7136,6683,1198,185,16177
Paulínia,86259,78286,6754,2938,177646
Pederneiras,36474,31198,3372,1202,76428
Pedra Bela,5516,5266,593,165,10991
Pedranópolis,2391,2298,355,56,4553
Pedregulho,13740,11896,1609,384,26993
Pedreira,37354,33080,4173,1341,85374
Pedrinhas Paulista,2517,2476,455,55,5053
Pedro De Toledo,8208,7191,1212,191,18848
Penápolis,50953,45299,5779,1322,109659
Pereira Barreto,20347,18392,2303,576,39550
Pereiras,6615,5950,794,220,13752
Peruíbe,59086,49732,6257,1350,118806
Piacatu,4641,4383,543,133,10745
Piedade,45280,40347,3540,1563,93802
Pilar Do Sul,23793,22063,2128,681,47444
Pindamonhangaba,131733,114185,11701,4436,277588
Pindorama,12213,11419,1970,425,26907
Pinhalzinho,12802,12226,1301,401,26008
Piquerobi,2785,2435,409,54,5422
Piquete,10603,9657,1213,342,22958
Piracaia,23701,21926,2264,696,48166
Piracicaba,339798,311297,35535,10727,689281
Piraju,25171,22411,3262,562,50689
Pirajuí,18820,16019,1964,339,44831
Pirangi,9142,8649,1538,268,18974
Pirapora Do Bom Jesus,15334,11690,882,445,31033
Pirapozinho,20435,18432,1679,563,42641
Pirassununga,60489,52450,6798,1709,126649
Piratininga,11902,10900,1367,340,22788
Pitangueiras,27620,24544,3058,1150,60060
Planalto,3752,3535,392,130,7761
Platina,2661,2566,384,77,5724
Poloni,5056,4810,896,154,9362
Pompéia,17162,15210,1876,535,35245
Pongaí,2901,2763,512,81,5994
Pontal,32305,28629,2158,1599,72954
Pontalinda,3357,3153,403,107,7237
Pontes Gestal,2103,2047,276,61,4349
Populina,3631,3482,566,84,7005
Porangaba,8013,7307,989,224,17244
Porto Feliz,44232,41217,3615,1343,91496
Porto Ferreira,44371,40068,4470,1402,87186
Potim,18764,16334,1346,515,38678
Potirendaba,14754,13150,1817,480,29022
Poá,91725,75370,7894,2939,190579
Pracinha,2817,2743,199,10,6278
Pradópolis,14702,13138,1344,682,32452
Praia Grande,272757,221930,25039,8151,548789
Pratânia,4516,4111,351,129,9094
Presidente Alves,3312,3085,467,102,6921
Presidente Bernardes,13449,12181,1770,237,24402
Presidente Epitácio,31910,28604,3604,916,70552
Presidente Prudente,191529,173092,23905,5200,397108
Presidente Venceslau,29647,26551,4440,946,58831
Promissão,28648,26788,3585,1054,60429
Quadra,3066,2752,257,114,6017
Quatá,10820,10211,1121,340,22320
Queiroz,2796,2610,284,85,5947
Queluz,8133,6937,820,294,17854
Quintana,5451,5270,764,149,11417
Rafard,7682,6723,641,246,20668
Rancharia,24243,22700,2952,706,52650
Redenção Da Serra,3408,3066,295,86,8175
Regente Feijó,16264,15206,1616,474,33103
Reginópolis,8207,7913,767,72,16140
Registro,49152,41957,4776,1083,98474
Restinga,5766,5481,511,168,11309
Ribeira,2837,2512,398,58,5842
Ribeirão Bonito,9502,8807,1218,321,20120
Ribeirão Branco,14545,13259,1130,376,28924
Ribeirão Corrente,4025,3608,373,132,7763
Ribeirão Do Sul,3947,3767,569,80,7877
Ribeirão Dos Índios,1834,1795,388,44,3797
Ribeirão Grande,6545,6178,655,171,13685
Ribeirão Pires,95275,86528,10008,3337,202091
Ribeirão Preto,551691,493608,64749,20383,1235596
Rifaina,3527,3183,420,89,7123
Rincão,7695,7181,1044,291,18089
Rinópolis,7654,6953,1145,263,17210
Rio Claro,167843,145154,19513,5012,329667
Rio Das Pedras,25779,22387,1910,973,50733
Rio Grande Da Serra,31921,16757,1252,1350,90120
Riolândia,9902,8696,716,263,20993
Riversul,4809,4639,609,115,9725
Rosana,14089,12915,1738,372,28928
Roseira,8450,7983,1023,328,17665
Rubinéia,2952,2718,362,60,6799
Rubiácea,2414,2244,345,49,4606
Sabino,4499,3982,622,129,9759
Sagres,1991,1790,233,44,3969
Sales,5261,5174,746,145,10326
Sales Oliveira,9370,8877,1017,286,19868
Salesópolis,14373,13206,1508,459,28429
Salmourão,4020,3719,557,132,8039
Saltinho,7058,6407,682,262,14264
Salto,99877,86918,8393,3116,198909
Salto De Pirapora,35602,31470,3416,1116,73557
Salto Grande,7180,6370,703,214,14768
Sandovalina,3064,2796,515,79,6417
Santa Adélia,11784,11156,1806,423,24471
Santa Albertina,5217,5018,677,125,10802
Santa Branca,11288,10028,1160,349,25831
Santa Bárbara D'Oeste,148506,129498,12495,5359,310321
Santa Clara D'Oeste,2054,1934,299,32,3987
Santa Cruz Da Conceição,3690,3473,676,111,7952
Santa Cruz Da Esperança,1777,1676,233,40,3817
Santa Cruz Das Palmeiras,24182,21625,2574,984,55062
Santa Cruz Do Rio Pardo,39422,36696,4795,978,77192
Santa Ernestina,4832,4568,400,164,9436
Santa Fé Do Sul,29511,26225,4009,703,57577
Santa Gertrudes,19472,16550,1626,628,37635
Santa Isabel,44923,38992,4323,1153,96026
Santa Lúcia,6137,5637,522,237,13933
Santa Maria Da Serra,4586,4074,387,173,10052
Santa Mercedes,2624,2328,281,53,5160
Santa Rita D'Oeste,2285,2201,392,58,4839
Santa Rita Do Passa Quatro,22390,19974,3414,547,44516
Santa Rosa De Viterbo,20195,18442,2534,666,44246
Santa Salete,1431,1378,352,30,2934
Santana Da Ponte Pensa,1340,1340,328,32,2670
Santana De Parnaíba,120694,108292,9648,3748,279160
Santo Anastácio,15485,13298,2009,507,30772
Santo André,584071,507549,70326,17630,1231187
Santo Antônio Da Alegria,6040,5723,1024,155,11742
Santo Antônio De Posse,19209,15674,1512,648,38303
Santo Antônio Do Aracanguá,6431,6029,783,238,14056
Santo Antônio Do Jardim,5118,4756,781,192,10193
Santo Antônio Do Pinhal,6112,5403,592,148,12913
Santo Expedito,2558,2427,400,60,5294
Santos,376429,324181,72232,7979,777776
Santópolis Do Aguapeí,3235,3181,458,162,7461
Sarapuí,8420,7233,623,261,15678
Sarutaiá,3114,2802,386,66,6271
Sebastianópolis Do Sul,2888,2805,512,82,5716
Serra Azul,12088,10161,874,156,23581
Serra Negra,24214,21776,3037,637,49933
Serrana,39927,36332,5130,0,29756
Sertãozinho,101911,92518,9589,3543,203965
Sete Barras,10476,8841,862,258,21971
Severínia,12395,11163,1268,509,26663
Silveiras,5263,5133,775,162,10282
Socorro,34274,31408,3917,983,77040
Sorocaba,573490,476701,46972,17844,1136219
Sud Mennucci,6215,5785,919,196,12161
Sumaré,225930,182430,13352,8468,464129
Suzano,234830,189580,17314,7553,480795
Suzanápolis,2940,2837,394,65,6520
São Bento Do Sapucaí,9938,9493,1095,239,21351
São Bernardo Do Campo,655270,589381,73668,21030,1343583
São Caetano Do Sul,133436,121139,23114,4607,295562
São Carlos,211751,192796,24892,6782,426961
São Francisco,2390,2358,588,43,4626
São Joaquim Da Barra,39639,37330,4010,1436,92527
São José Da Bela Vista,6236,5833,728,228,13410
São José Do Barreiro,3417,3252,492,88,6870
São José Do Rio Pardo,45135,39810,6236,1255,91995
São José Do Rio Preto,396742,354758,50955,11874,766904
São José Dos Campos,584701,510541,60115,16325,1170617
São João Da Boa Vista,77872,68817,10758,2117,155631
São João Das Duas Pontes,2136,2032,301,60,4323
São João De Iracema,1562,1478,278,35,3294
São João Do Pau D'Alho,1913,1809,320,30,3877
São Lourenço Da Serra,12337,10434,940,372,25234
São Luiz Do Paraitinga,9342,9064,1088,240,19551
São Manuel,29805,27013,3175,1036,61006
São Miguel Arcanjo,26730,24799,2572,836,52274
São Paulo,10563515,9090604,1115361,326739,20413102
São Pedro,30244,24604,2815,790,61613
São Pedro Do Turvo,6098,5478,865,160,12576
São Roque,71584,57759,7229,2036,151968
São Sebastião,73035,61057,3993,2351,140038
São Sebastião Da Grama,9022,8520,1210,295,20339
São Simão,11747,10645,1568,355,25867
São Vicente,274703,225034,36118,7586,544928
Tabapuã,9662,9109,1440,268,20399
Tabatinga,12034,11117,1439,521,26019
Taboão Da Serra,219011,184581,17158,7650,481835
Taciba,4825,4394,496,156,10014
Taguaí,10576,9940,1125,344,23215
Taiaçu,4796,4536,773,150,10243
Taiúva,5542,5087,791,158,10411
Tambaú,17429,15233,2004,572,37917
Tanabi,21263,19649,3097,625,43701
Tapiratiba,10552,9980,1196,283,23732
Tapiraí,6767,6164,668,151,12292
Taquaral,2284,2222,278,59,4814
Taquaritinga,44367,41262,5989,1299,89785
Taquarituba,21097,19637,2068,495,39731
Taquarivaí,4890,4189,288,127,10632
Tarabai,5611,5090,587,204,11928
Tarumã,11949,11322,1105,410,23951
Tatuí,100315,86020,9029,3091,198337
Taubaté,251839,223251,25500,8504,536752
Tejupá,3633,3304,387,90,7336
Teodoro Sampaio,18172,16266,1642,574,35466
Terra Roxa,6614,6278,809,245,13803
Tietê,31726,29518,2858,1123,67027
Timburi,2278,2151,393,39,4194
Torre De Pedra,2368,2245,288,50,4857
Torrinha,7978,7517,1162,256,16713
Trabiju,1474,1322,203,35,3037
Tremembé,41082,36518,4038,1224,85863
Três Fronteiras,5372,5070,868,134,10076
Tuiuti,5483,5054,577,180,12699
Tupi Paulista,14056,13069,1808,325,27217
Tupã,53834,50389,6988,1387,108928
Turiúba,1612,1577,308,39,3400
Turmalina,1716,1674,456,23,3332
Ubarana,4503,4215,428,160,9715
Ubatuba,79272,62708,5554,2143,158438
Ubirajara,4405,3518,357,103,8909
Uchoa,8188,7921,1323,231,17215
União Paulista,1402,1357,193,36,2707
Uru,1154,1135,231,26,2313
Urupês,11441,10820,1648,351,23528
Urânia,7336,6734,1201,233,14885
Valentim Gentil,11357,10637,1154,406,24785
Valinhos,103266,92924,12660,3341,219062
Valparaíso,20349,18064,1682,609,41407
Vargem,8234,7313,1056,257,17923
Vargem Grande Do Sul,34238,30969,3935,1017,62031
Vargem Grande Paulista,39753,32694,2941,1369,87064
Vera Cruz,8431,7969,1412,181,17494
Vinhedo,63188,56723,6540,2286,135884
Viradouro,14833,13547,1744,460,31338
Vista Alegre Do Alto,6499,6163,706,254,14998
Vitória Brasil,1590,1261,142,37,2987
Votorantim,87176,76549,7743,3253,200166
Votuporanga,81038,72433,11187,2315,169460
Várzea Paulista,91343,76865,5207,3590,200269
Zacarias,2127,2077,308,69,4525
Águas Da Prata,6576,6263,941,193,13755
Águas De Lindóia,16451,15238,1661,463,34173
Águas De Santa Bárbara,5309,4689,658,136,10189
Águas De São Pedro,3461,3299,619,58,9318
Álvares Florence,3339,3220,491,80,7219
Álvares Machado,19891,17907,2219,600,41472
Álvaro De Carvalho,5430,5087,413,107,9217
Óleo,2438,2370,282,54,4962
